c random_20_95
20 95
1 2
1 4
1 5
1 7
1 9
1 12
1 14
1 17
2 3
2 6
2 11
2 12
2 13
2 14
2 17
2 18
2 19
2 20
3 5
3 6
3 7
3 10
3 11
3 13
3 16
4 5
4 6
4 15
4 16
4 18
4 19
4 20
5 8
5 9
5 12
5 15
5 16
5 17
5 20
6 7
6 8
6 9
6 12
6 13
6 19
6 20
7 8
7 11
7 12
7 17
7 18
8 9
8 12
8 13
8 14
8 17
8 18
8 20
9 11
9 13
9 14
9 16
10 13
10 15
10 20
11 12
11 14
11 15
11 16
11 18
11 19
11 20
12 13
12 14
12 15
12 16
12 19
13 15
13 16
13 17
13 18
13 20
14 18
14 20
15 16
15 18
15 20
16 17
16 18
16 19
16 20
17 19
17 20
18 19
18 20
