c random_20_115
20 115
1 3
1 4
1 5
1 6
1 9
1 10
1 13
1 14
1 16
1 17
1 18
1 19
1 20
2 3
2 4
2 5
2 6
2 7
2 8
2 10
2 14
2 18
2 19
3 4
3 6
3 7
3 8
3 9
3 10
3 11
3 12
3 14
3 16
3 18
3 19
4 5
4 6
4 7
4 10
4 11
4 13
4 14
4 15
4 16
4 18
4 19
4 20
5 7
5 10
5 13
5 14
5 15
5 16
5 19
5 20
6 9
6 11
6 12
6 14
7 8
7 9
7 11
7 12
7 13
7 16
7 18
8 9
8 11
8 15
8 16
8 17
8 18
8 19
8 20
9 10
9 13
9 14
9 17
9 18
10 11
10 12
10 13
10 14
10 15
10 16
10 17
10 18
10 19
11 12
11 14
11 17
11 18
11 19
12 13
12 16
12 18
12 19
12 20
13 14
13 15
13 17
13 19
13 20
14 16
14 17
14 18
14 19
14 20
15 17
16 17
16 18
16 19
16 20
17 20
18 20
